N,avg_exec_mean_seq,avg_exec_mean_par,avg_exec_dev_seq,avg_exec_dev_par
64,0.5,103.6,3.6,104.25
128,0.7,108.5,5.25,111.95
256,1.6,104.3,8.45,108.9
512,2.65,81.4,11.9,90.7
1024,5.45,99.55,22.85,112.7
2048,12.75,85.85,43.6,107.6
4096,21.9,79.65,85.85,133.85
8192,43.3,80.25,152.7,196
16384,81.75,89.1,307.8,322.8
32768,169.2,116.75,622.35,555.05
65536,352,181.65,1223.1,1026.3
131072,650.7,308.15,2415.65,2242.85
262144,1357.3,526.45,4931.45,4012.65
524288,2745.9,988.3,10017.3,8229.25
1048576,5337.9,1434.75,19019.3,15398.7
2097152,11235,3290.65,40280.1,31718.2
4194304,23690.6,7901.35,86186.3,70023.2
8388608,43769.2,13461.7,159636,131096
16777216,88989.5,24143.9,320858,256283
33554432,172469,48556.4,621427,503021
